       12.6          0          0          0          0          0          0
          0          0          0          0          0          0          0          0
       15.8      0.573        207       60.6      0.578        548       26.3
      -1.29      0.915       4.76       6.76      -9.36      -4.44      -7.38      -5.25
         20      0.558       95.9       33.9      0.712        341         53
      -1.63       1.25       5.15       2.36      -7.96      -10.4     0.0875     -0.208
       25.1       0.48        176         41      0.811        401       41.9
     -0.617    -0.0904       5.13       4.12      -11.7      -10.4      -3.38      -2.11
       31.6      0.647        126         46      0.605        509       59.7
     -0.647       2.44       5.32       4.05      -3.61      -8.76      -5.49      -4.88
       39.8      0.744        106       50.3      0.852        232         48
     -0.615      0.656       5.25       5.47      -8.49      -8.77     -0.591      -2.02
       50.1      0.793        117       40.9      0.863        254       37.7
     -0.798      0.899       6.91       5.19      -9.79      -7.59      -3.29      -2.68
       63.1       0.85       84.6       46.5      0.923        278         42
       0.38      0.302       5.11       5.48      -10.1      -8.79      -2.21       -2.1
       79.4      0.898       84.9       43.3      0.944        228       37.5
      0.169     0.0256       5.89       5.63      -10.4      -7.37      -1.45      -2.43
        100      0.878       86.8       46.4      0.961        237         35
    -0.0872      0.898       5.85       5.19      -10.7       -7.4      -2.35      -2.52
        126      0.881       83.9       41.2      0.955        201       34.6
     -0.368      0.319       6.33       5.03      -9.93      -6.94      -2.16      -1.01
        158      0.859       76.3       40.8      0.942        186       28.8
      0.118     -0.366        5.6       5.21      -9.41      -5.47      -2.51     -0.813
        200      0.812         90       40.1      0.934        183       32.7
     -0.241     0.0379       6.09       4.89      -9.23      -6.18      -2.47     -0.636
        251      0.747        110       43.6      0.905        165       33.8
      0.343      0.378       5.39       5.25       -9.1      -6.12      -2.19     -0.406
        316      0.559        117         42      0.862        148       30.5
     -0.288      0.215       4.46          4      -9.05      -5.22      -2.04     -0.243
        398      0.377        127       33.5      0.665        181       32.3
      0.125     -0.578       3.51       2.16      -7.73         -5      -1.94      -1.17
        501      0.707       55.1       42.6      0.685        236         18
       3.01       -1.2       2.07       2.34      -9.55      -3.73     -0.885     -0.147
        631     0.0874        105       86.3      0.541        846       16.3
       1.57     -0.385    -0.0295     -0.902      -14.9      -4.71       -6.6       6.28
        794      0.158       75.1       51.1      0.592        495       17.6
    -0.0767      0.996     -0.566      -1.43      -12.1       3.13       -2.9       1.37
     1e+003     0.0701       80.3       23.1       0.55        693       25.5
     -0.313      -1.24     -0.364    -0.0659      -11.7       6.23      -7.19       5.05
  1.26e+003     0.0656       60.4       47.3      0.636        794       42.8
    -0.0469      -0.22      0.364     -0.299      -11.1       10.3      -6.39       6.15
  1.58e+003      0.669        166       4.35      0.597        567       47.6
      0.788      -2.88        8.8       1.42      -8.98       8.11       1.82       6.54
     2e+003      0.542       59.6       20.1      0.716        448       58.2
      -2.22      -2.24       4.69       1.61      -7.08       11.3      0.185       4.49
  2.51e+003      0.454       43.6       9.44      0.756        118       85.1
      -1.62      -1.83       3.98        1.7      -1.16       6.41      0.737       3.16
  3.16e+003      0.437       40.4       8.12      0.655        118       80.2
     -0.892      -1.78       3.41       1.57      -1.84       3.68       1.15       4.94
  3.98e+003       0.43       29.8       5.82      0.691       36.3         88
     -0.853      -1.42       2.97      0.724      -0.33       3.43      0.535       1.29
  5.01e+003      0.577       23.1       44.9      0.477       29.5       79.4
      -1.07      -1.35       2.47       2.31     -0.878       1.36       1.67       2.34
  6.31e+003      0.671       20.9       55.3      0.156       19.9       20.8
       -1.3      -1.39       2.02       2.57     -0.637     -0.217       1.39       1.91
  7.94e+003      0.815       31.4       47.6      0.509       18.5       37.8
      -1.08       -1.5       3.08       3.03      -1.32      -1.26       1.12       1.15
     1e+004      0.866       31.7       44.2      0.599       19.3       43.7
     -0.933       -1.4       3.25       3.14      -1.64      -1.41      0.889      0.975
  1.26e+004      0.853       31.3       45.6      0.657       20.3       55.2
     -0.521     -0.839       3.27       3.31      -1.61      -2.32      0.388      0.483
  1.58e+004      0.964         55       48.7      0.618       15.4       64.2
     -0.758      -1.11       4.47       5.27       -1.3      -1.75     0.0328      0.396
     2e+004      0.999       69.1       51.9      0.927       40.7       6.38
      0.111     -0.373       5.06       6.53      -1.96      -2.77     -0.759     -0.605
  2.51e+004      0.998       53.2       48.5      0.971       44.2       81.6
     -0.652      -2.48       4.29       5.01     -0.864      -1.16      0.922       1.21
  3.16e+004      0.537       6.06       37.3      0.281       2.07       39.3
    0.00459     -0.265       1.02      0.874      0.117     -0.365      0.341      0.404
  3.98e+004      0.665       42.4         46      0.627       23.4       41.9
       1.55       1.87       2.51        2.8      -1.99      -1.81      -0.97      -0.35
  5.01e+004      0.864       14.5         88      0.964       77.8       53.9
      0.438      -1.11      0.338       1.28       -4.3       -5.5       2.64       2.92
  6.31e+004      0.999       57.5       51.2      0.987       86.9         71
     -0.633      -1.96        4.4       5.39     -0.832      -1.56       1.31        1.9
  7.94e+004       0.91         49       50.5      0.472       21.6       71.5
    -0.0306      -1.59       3.88       4.78     -0.814      -1.36      0.836        0.9
     1e+005      0.731       31.8       2.73      0.505         14       14.7
       1.59     -0.211        3.6      0.287      -1.05     -0.124       -1.7     -0.689
  1.26e+005          0          0          0          0          0          0
          0          0          0          0          0          0          0          0
  1.58e+005          0          0          0          0          0          0
          0          0          0          0          0          0          0          0
     2e+005          0          0          0          0          0          0
          0          0          0          0          0          0          0          0
  2.51e+005          0          0          0          0          0          0
          0          0          0          0          0          0          0          0
  3.16e+005          0          0          0          0          0          0
          0          0          0          0          0          0          0          0
  3.98e+005          0          0          0          0          0          0
          0          0          0          0          0          0          0          0
  5.01e+005          0          0          0          0          0          0
          0          0          0          0          0          0          0          0
  6.31e+005          0          0          0          0          0          0
          0          0          0          0          0          0          0          0
  7.94e+005          0          0          0          0          0          0
          0          0          0          0          0          0          0          0
     1e+006          0          0          0          0          0          0
          0          0          0          0          0          0          0          0
  1.26e+006          0          0          0          0          0          0
          0          0          0          0          0          0          0          0
  1.58e+006          0          0          0          0          0          0
          0          0          0          0          0          0          0          0
     2e+006          0          0          0          0          0          0
          0          0          0          0          0          0          0          0
  2.51e+006          0          0          0          0          0          0
          0          0          0          0          0          0          0          0
  3.16e+006          0          0          0          0          0          0
          0          0          0          0          0          0          0          0
  3.98e+006          0          0          0          0          0          0
          0          0          0          0          0          0          0          0
  5.01e+006          0          0          0          0          0          0
          0          0          0          0          0          0          0          0
  6.31e+006          0          0          0          0          0          0
          0          0          0          0          0          0          0          0
